Day     Month   Year    Tmin    Tmax    Rad     Prec    Irri    sunsh   ETo
       1       1    1995     5.2      19    20.1     1.8       0   12.69    4.42
       2       1    1995     6.2    18.1    23.1     3.3       0   12.69    4.35
       3       1    1995       7      19    23.1       1       0   12.68    4.49
       4       1    1995     6.1      21      25       0       0   12.68    5.25
       5       1    1995     3.4    22.8    27.2     0.5       0   12.68    6.16
       6       1    1995     4.2    22.3    26.6       0       0   12.67    5.91
       7       1    1995       4    23.2    27.1     0.8       0   12.67    6.21
       8       1    1995       5      24      27       0       0   12.66    6.33
       9       1    1995       7    23.1    25.7    13.8       0   12.66    5.78
      10       1    1995       2    19.8    22.1     2.8       0   12.66    5.08
      11       1    1995       5      22    26.1       0       0   12.65    5.71
      12       1    1995     5.2    19.2    24.5     0.5       0   12.65    4.84
      13       1    1995       6    19.2      24     9.6       0   12.64    4.72
      14       1    1995     4.1    21.1    26.1       0       0   12.64    5.56
      15       1    1995     3.2    24.2    27.8       0       0   12.63     6.6
      16       1    1995     4.2      18    24.4     3.8       0   12.63    4.62
      17       1    1995     2.8    18.1    20.9     5.8       0   12.62     4.5
      18       1    1995     3.1    22.1      27     1.8       0   12.61    5.98
      19       1    1995     2.8    15.8    23.9       0       0   12.61    4.18
      20       1    1995     1.5    24.2    26.2       0       0   12.60     6.6
      21       1    1995     5.8    17.3    22.8     5.6       0   12.59    4.17
      22       1    1995     7.4    19.4    23.2     0.3       0   12.59    4.56
      23       1    1995     4.2    19.3    25.2     1.3       0   12.58    5.01
      24       1    1995     3.7    19.2    25.4       0       0   12.57    5.05
      25       1    1995       6      18    23.2     3.8       0   12.57    4.35
      26       1    1995     6.2    17.5    22.6     2.8       0   12.56    4.16
      27       1    1995       2      22    23.1       0       0   12.55    5.72
      28       1    1995       2      20    26.6     5.1       0   12.54    5.49
      29       1    1995     2.7      21    26.7       0       0   12.54     5.7
      30       1    1995       2      20    26.6       3       0   12.53    5.49
      31       1    1995     4.1    21.1    26.1     1.5       0   12.52    5.55
       1       2    1995     4.2    19.5    25.2     0.3       0   12.51    5.06
       2       2    1995     4.1    22.2    26.6     4.1       0   12.50    5.88
       3       2    1995     3.2    19.1    25.6     1.5       0   12.49    5.08
       4       2    1995       6      20    24.5     1.3       0   12.49    4.96
       5       2    1995     5.8    22.1    25.8     7.6       0   12.48    5.63
       6       2    1995       3    17.8    20.6       0       0   12.47    4.38
       7       2    1995       2    22.2    27.4       0       0   12.46    6.12
       8       2    1995       3      22      27       0       0   12.45    5.95
       9       2    1995     4.8    22.1    26.2       0       0   12.44    5.75
      10       2    1995       3    22.1      27    13.2       0   12.43    5.97
      11       2    1995     6.8    23.3    21.5       0       0   12.42    5.46
      12       2    1995       6      20    24.4     0.3       0   12.41    4.94
      13       2    1995       6    21.5    25.2       0       0   12.40    5.39
      14       2    1995     5.7      20    24.5     1.5       0   12.39    4.97
      15       2    1995     4.2      20    25.4      28       0   12.38    5.19
      16       2    1995     5.1      19      20     2.1       0   12.37    4.41
      17       2    1995     4.1    14.2      19     0.3       0   12.36    3.32
      18       2    1995       5    16.8    22.8    16.5       0   12.35    4.11
      19       2    1995       4      16    18.9    13.4       0   12.34    3.72
      20       2    1995       4      19    20.6     1.3       0   12.33    4.56
      21       2    1995     3.2      18    22.2     6.3       0   12.32    4.52
      22       2    1995     2.9    19.8    15.2     2.5       0   12.31    4.43
      23       2    1995     3.2      16    23.4       0       0   12.30    4.13
      24       2    1995     2.9    17.4    24.5    25.4       0   12.29    4.57
      25       2    1995     4.1      14    21.1     0.3       0   12.28    3.42
      26       2    1995     2.9    15.6    23.3     0.5       0   12.27    4.05
      27       2    1995     3.7    19.8    25.3     1.3       0   12.26    5.15
      28       2    1995     2.5      19    25.4     3.6       0   12.25    5.06
       1       3    1995     3.5      16    20.6     0.8       0   12.24    3.88
       2       3    1995     3.2    16.4    23.5     1.3       0   12.23    4.22
       3       3    1995     4.2    14.2    21.1       3       0   12.21    3.44
       4       3    1995       6      18    18.6    10.9       0   12.20    3.94
       5       3    1995     4.5    18.4    21.4       1       0   12.19    4.41
       6       3    1995       3    17.5    24.2    11.5       0   12.18    4.54
       7       3    1995     6.3      18    19.8     5.6       0   12.17       4
       8       3    1995     5.5    18.3      23      14       0   12.16    4.41
       9       3    1995       6    19.1    23.2      12       0   12.15    4.57
      10       3    1995     6.7      17    21.1       4       0   12.14    3.82
      11       3    1995       7    14.8    16.3       3       0   12.12    2.91
      12       3    1995     6.6    13.5    15.3    16.5       0   12.11     2.6
      13       3    1995       5      15    18.3       3       0   12.10    3.32
      14       3    1995     4.5    13.5    19.8     5.3       0   12.09    3.15
      15       3    1995     4.6      14    20.1     0.5       0   12.08    3.26
      16       3    1995     2.5      18    24.3       0       0   12.07    4.68
      17       3    1995     3.5    18.7    24.1       0       0   12.06    4.75
      18       3    1995     4.8      20      24     0.5       0   12.05    4.94
      19       3    1995     5.1    20.9    24.3       0       0   12.03    5.16
      20       3    1995       2      21    25.6     3.3       0   12.02    5.56
      21       3    1995     4.8    20.5    24.1     8.6       0   12.01    5.06
      22       3    1995       5      19    19.2       0       0   12.00    4.28
      23       3    1995     2.8    20.2    24.8       0       0   11.99    5.21
      24       3    1995     5.8      19    20.2     4.3       0   11.98    4.27
      25       3    1995       7    17.5    20.6    14.7       0   11.97    3.82
      26       3    1995     7.2    19.6    21.9       1       0   11.95     4.4
      27       3    1995       8      18    20.1     0.5       0   11.94    3.78
      28       3    1995       6    17.6    21.3       0       0   11.93    3.99
      29       3    1995     2.8    16.4    22.5       0       0   11.92     4.1
      30       3    1995     7.3      18    20.5       0       0   11.91    3.88
      31       3    1995       5    21.4    23.8       0       0   11.90     5.2
       1       4    1995     7.5      14    16.4    11.5       0   11.89    2.64
       2       4    1995     7.4      17    19.4     5.1       0   11.88    3.54
       3       4    1995     8.5    17.5    16.6     2.8       0   11.86     3.3
       4       4    1995     6.5      19    21.5       0       0   11.85    4.26
       5       4    1995     3.6      21    23.9       0       0   11.84    5.21
       6       4    1995       5      21    23.2       0       0   11.83    5.03
       7       4    1995     5.4      29    25.9     6.8       0   11.82     7.3
       8       4    1995       6      19    21.5     0.3       0   11.81    4.29
       9       4    1995     2.5    17.2    22.4       0       0   11.80    4.26
      10       4    1995     3.5    19.2    22.8       0       0   11.79    4.67
      11       4    1995     5.7    18.2      21     0.3       0   11.77    4.08
      12       4    1995     7.6    15.1    16.9       0       0   11.76    2.86
      13       4    1995     4.4      21      23       0       0   11.75    5.03
      14       4    1995     3.7      22    23.6       0       0   11.74    5.38
      15       4    1995     4.2      22    23.4     1.8       0   11.73    5.31
      16       4    1995     4.7    21.6    22.9       0       0   11.72    5.12
      17       4    1995     7.3    20.2    20.8       1       0   11.71    4.35
      18       4    1995       3    20.2    22.9       0       0   11.70    4.92
      19       4    1995      -2    20.1    24.5       0       0   11.69    5.38
      20       4    1995     2.5    19.2    22.5       0       0   11.68    4.68
      21       4    1995     2.8    19.6    22.5       0       0   11.67    4.75
      22       4    1995       2    20.6    23.1       0       0   11.66    5.09
      23       4    1995     0.7    20.9    23.6       0       0   11.65     5.3
      24       4    1995       1    22.1    23.8       0       0   11.64    5.58
      25       4    1995       4    21.3    22.4       0       0   11.63    5.02
      26       4    1995     5.2    22.9    22.5       0       0   11.62    5.31
      27       4    1995     5.3    22.4    22.1       0       0   11.61    5.14
      28       4    1995     5.4    22.5    22.1       0       0   11.60    5.15
      29       4    1995     2.2    17.2    21.1       0       0   11.59     4.1
      30       4    1995       5    22.2      22       0       0   11.58    5.09
       1       5    1995       1    22.2    23.3       0       0   11.57    5.52
       2       5    1995       2    21.1    22.5    19.9       0   11.56    5.11
       3       5    1995       1    19.1    22.1       0       0   11.55    4.68
       4       5    1995     1.2    23.2    23.2       0       0   11.54    5.72
       5       5    1995     1.8    22.2    22.7       0       0   11.53    5.39
       6       5    1995       2    23.5    22.9       0       0   11.52     5.7
       7       5    1995      -2    23.2    23.8       0       0   11.51    5.97
       8       5    1995       0    22.2      23       0       0   11.51    5.53
       9       5    1995      -2    21.3    23.2       0       0   11.50    5.46
      10       5    1995       3      22    21.9     1.8       0   11.49    5.15
      11       5    1995    -1.1    21.3    22.8       0       0   11.48    5.36
      12       5    1995     0.5    19.8    21.8       0       0   11.47    4.82
      13       5    1995    -3.2    22.3    23.4       0       0   11.46    5.76
      14       5    1995    -2.1    20.9    22.7       0       0   11.46    5.31
      15       5    1995     4.1    18.8    19.8       0       0   11.45    4.13
      16       5    1995       4    17.2      19       0       0   11.44    3.72
      17       5    1995     5.2    18.3    18.9     1.3       0   11.43    3.84
      18       5    1995     5.3      14      16     0.5       0   11.43     2.7
      19       5    1995     5.4    15.1    16.7       0       0   11.42    2.96
      20       5    1995     2.2      16    19.1       0       0   11.41    3.61
      21       5    1995       5      19    19.1     3.3       0   11.41    4.01
      22       5    1995       3      22    21.1       0       0   11.40    5.03
      23       5    1995     0.6      20    21.1       0       0   11.39    4.75
      24       5    1995       0    21.8    21.8       0       0   11.39    5.26
      25       5    1995    -1.2    21.6      22       0       0   11.38    5.31
      26       5    1995    -1.1    20.6    21.6       0       0   11.37    5.04
      27       5    1995    -3.2      20    21.9       0       0   11.37    5.06
      28       5    1995    -3.5    21.2    22.2       0       0   11.36    5.37
      29       5    1995    -4.8    20.8    22.4       0       0   11.36    5.36
      30       5    1995      -4      21    22.2       0       0   11.35    5.34
      31       5    1995    -4.3      21    22.2       0       0   11.35    5.36
       1       6    1995    -0.8    21.6    21.5       0       0   11.34    5.22
       2       6    1995    -3.2    21.2    21.9       0       0   11.34    5.31
       3       6    1995    -0.2    21.5    21.3       0       0   11.34    5.13
       4       6    1995    -0.2      20    20.8       0       0   11.33    4.75
       5       6    1995      -1      24    21.9       0       0   11.33    5.81
       6       6    1995    -2.3      21    21.5       0       0   11.32    5.17
       7       6    1995    -0.8      21    21.1       0       0   11.32    5.04
       8       6    1995      -1      21    21.2       0       0   11.32    5.06
       9       6    1995     0.2    21.8      21       0       0   11.31    5.14
      10       6    1995     2.8    22.6    20.5       0       0   11.31    5.09
      11       6    1995     2.2      22    20.5       0       0   11.31    4.99
      12       6    1995     2.5      21    20.1       0       0   11.31     4.7
      13       6    1995    -3.8      20    21.5       0       0   11.30    5.02
      14       6    1995     0.8      21    20.5       0       0   11.30    4.87
      15       6    1995     0.5    21.6    20.8       0       0   11.30    5.05
      16       6    1995      -1    23.6    21.6       0       0   11.30    5.67
      17       6    1995    -0.8    22.4    21.3       0       0   11.30    5.36
      18       6    1995     0.6    21.6    20.7       0       0   11.30    5.03
      19       6    1995       3    19.6    19.3       0       0   11.30    4.28
      20       6    1995     7.4      21    18.1       0       0   11.30    4.09
      21       6    1995     7.8      22    18.3       0       0   11.30     4.3
      22       6    1995       6    20.6    18.5       2       0   11.30    4.17
      23       6    1995     4.8      21    19.2       0       0   11.30    4.43
      24       6    1995    -3.5    19.8    21.3       0       0   11.30    4.94
      25       6    1995    -3.5      20    21.4       0       0   11.30    4.99
      26       6    1995    -3.2      21    21.5       0       0   11.30    5.21
      27       6    1995       8      18    16.1       0       0   11.30     3.2
      28       6    1995       6      18    17.3     0.3       0   11.30     3.5
      29       6    1995     5.2    20.8      19     0.3       0   11.30    4.33
      30       6    1995     6.4      21    18.6       0       0   11.31    4.24
       1       7    1995     6.8    21.4    18.6       0       0   11.31    4.29
       2       7    1995     3.8    20.6    19.5       0       0   11.31    4.46
       3       7    1995     6.8    21.2    18.6       0       0   11.31    4.25
       4       7    1995     1.2    20.3    20.4       0       0   11.32    4.67
       5       7    1995    -0.2    21.1      21       0       0   11.32    5.01
       6       7    1995    -0.4      22    21.4       0       0   11.32    5.26
       7       7    1995     4.8    21.9    19.8       0       0   11.33     4.7
       8       7    1995     0.6    21.3      21       0       0   11.33       5
       9       7    1995    -0.3    22.8    21.6       0       0   11.33    5.46
      10       7    1995     0.3    21.2    21.1       0       0   11.34    5.01
      11       7    1995    -0.9    21.8    21.6       0       0   11.34    5.27
      12       7    1995     0.1    22.4    21.6       0       0   11.35    5.35
      13       7    1995       3    21.9    20.7       0       0   11.35    4.94
      14       7    1995     2.4    20.5    20.4       0       0   11.36    4.65
      15       7    1995     0.9    21.8    21.4       0       0   11.36    5.14
      16       7    1995     4.3    22.7    20.6     1.3       0   11.37    5.02
      17       7    1995     7.8    22.1    17.1       2       0   11.37    4.29
      18       7    1995     5.1      21    19.8       0       0   11.38    4.49
      19       7    1995     0.2    21.2    21.6     0.3       0   11.38    5.08
      20       7    1995     6.2    15.3    16.1     0.8       0   11.39    2.86
      21       7    1995       2    20.2    20.9     4.8       0   11.40    4.67
      22       7    1995     4.8    21.2    20.3       0       0   11.40    4.62
      23       7    1995       0    21.9    22.1       0       0   11.41    5.31
      24       7    1995    -1.2    22.3    22.6       0       0   11.42    5.53
      25       7    1995      -1    21.5    22.4       0       0   11.42    5.32
      26       7    1995    -0.6    21.3    22.3       0       0   11.43    5.24
      27       7    1995    -1.8    23.2    23.1       0       0   11.44    5.84
      28       7    1995    -0.9    23.9    23.2       0       0   11.44    5.96
      29       7    1995    -0.3    22.4    22.7       0       0   11.45    5.53
      30       7    1995     0.4      22    22.5       0       0   11.46    5.37
      31       7    1995     2.8    21.4    21.7       0       0   11.47    4.99
       1       8    1995     3.8    21.7    21.5       0       0   11.48    4.96
       2       8    1995     4.3    23.2    21.9       0       0   11.48    5.32
       3       8    1995     4.3    23.6    22.1       0       0   11.49    5.44
       4       8    1995     1.2      24    23.2       0       0   11.50    5.88
       5       8    1995     5.4    22.4    21.4       0       0   11.51       5
       6       8    1995     1.8    22.8    22.9       0       0   11.52    5.53
       7       8    1995     2.4    22.8    22.8       0       0   11.53    5.48
       8       8    1995    -1.4    22.4    23.8       0       0   11.54    5.74
       9       8    1995    -1.1    23.2      24       0       0   11.55    5.93
      10       8    1995    -0.9    22.9      24       0       0   11.56    5.85
      11       8    1995     1.5    23.3    23.5       0       0   11.56    5.75
      12       8    1995     0.8    22.1    23.4       0       0   11.57    5.51
      13       8    1995     0.1    20.8    23.3       0       0   11.58    5.24
      14       8    1995    -0.4    22.1      24       0       0   11.59    5.65
      15       8    1995    -0.7    18.8    23.1       0       0   11.60    4.83
      16       8    1995       6    14.8    17.4       0       0   11.61    2.95
      17       8    1995     5.1    19.1    20.9     6.6       0   11.62    4.26
      18       8    1995     4.2    19.8    21.8     9.7       0   11.63    4.59
      19       8    1995     2.8    20.1    22.6       0       0   11.64    4.85
      20       8    1995     0.1    21.2      24       0       0   11.65    5.43
      21       8    1995    -0.2    25.2    25.3       0       0   11.66    6.55
      22       8    1995     1.8    26.7    25.2       0       0   11.67    6.79
      23       8    1995     1.2    26.1    25.3       0       0   11.68     6.7
      24       8    1995     0.8      26    25.5       0       0   11.69    6.72
      25       8    1995    -1.5    24.1    25.7       0       0   11.70    6.42
      26       8    1995    -1.3    23.7    25.6       0       0   11.72     6.3
      27       8    1995    -2.3    23.9      26       0       0   11.73    6.45
      28       8    1995    -2.1    22.6    25.7       0       0   11.74     6.1
      29       8    1995     0.7    22.1    24.9       0       0   11.75    5.73
      30       8    1995     1.6    22.1    24.7       0       0   11.76    5.65
      31       8    1995     0.8    22.1      25       0       0   11.77    5.74
       1       9    1995     1.1    23.4    25.4       0       0   11.78    6.09
       2       9    1995     0.8    20.1    24.5       0       0   11.79    5.22
       3       9    1995     1.6    17.7    23.2       0       0   11.80     4.5
       4       9    1995     2.3    20.5    24.2       0       0   11.81    5.19
       5       9    1995     3.7    20.6    23.7       0       0   11.82    5.07
       6       9    1995     2.9      20    23.9       0       0   11.84    5.01
       7       9    1995    -0.1    20.8    25.4       0       0   11.85    5.56
       8       9    1995    -0.7    21.9      26       0       0   11.86    5.92
       9       9    1995     3.1    21.8    24.8       0       0   11.87    5.52
      10       9    1995     6.9    21.4    22.9       0       0   11.88    4.92
      11       9    1995     1.8    23.1    25.8     0.3       0   11.89    6.05
      12       9    1995     8.2    15.6    17.5     0.8       0   11.90    2.98
      13       9    1995       7    19.2    17.8       0       0   11.91    3.97
      14       9    1995     7.1    15.1    18.3       1       0   11.93    3.06
      15       9    1995     2.6    17.2    23.2       0       0   11.94    4.35
      16       9    1995     6.1    18.3    21.8     2.8       0   11.95    4.18
      17       9    1995     5.8    20.7    23.5       0       0   11.96    4.94
      18       9    1995       2    23.8    26.5     0.3       0   11.97    6.31
      19       9    1995     2.6    22.2    25.8       0       0   11.98     5.8
      20       9    1995     6.5    21.9      24     0.5       0   11.99    5.23
      21       9    1995     5.1    24.1    25.6       0       0   12.01    6.07
      22       9    1995     1.8    22.7    26.4    12.7       0   12.02    6.05
      23       9    1995     2.2    22.2    26.1     2.5       0   12.03    5.87
      24       9    1995     2.1      23    26.5     0.3       0   12.04    6.12
      25       9    1995     3.1    25.2      27     0.8       0   12.05    6.67
      26       9    1995     6.1    23.2    22.8    10.1       0   12.06    5.53
      27       9    1995     6.2    22.8    24.9     0.6       0   12.07     5.6
      28       9    1995     3.2    22.6    23.9     0.3       0   12.09    5.74
      29       9    1995       5    23.1    25.7     2.5       0   12.10    5.86
      30       9    1995     6.8    18.7    22.3       1       0   12.11    4.29
       1      10    1995     8.4    20.5      20     4.3       0   12.12    4.37
       2      10    1995     7.6    24.1    22.7    20.8       0   12.13    5.62
       3      10    1995     5.8    20.4    24.1       0       0   12.14    4.97
       4      10    1995     6.5    20.8    19.8     7.4       0   12.15    4.64
       5      10    1995     8.1    22.4    19.9       0       0   12.16    4.88
       6      10    1995     3.9    23.2    26.5       0       0   12.18    6.08
       7      10    1995     3.8    23.7    26.8       0       0   12.19    6.25
       8      10    1995     3.1      23    26.8       0       0   12.20    6.12
       9      10    1995     5.2    25.1    24.5     7.1       0   12.21     6.3
      10      10    1995     5.4    22.1    23.1       1       0   12.22    5.38
      11      10    1995     7.3    23.8    21.2     4.8       0   12.23    5.46
      12      10    1995     6.1    22.1    20.9     0.3       0   12.24    5.12
      13      10    1995       5    23.1    26.2       2       0   12.25    5.95
      14      10    1995     5.4      24    24.1       0       0   12.26    5.97
      15      10    1995     6.6    21.9    24.9       0       0   12.27    5.38
      16      10    1995     7.9    21.2    23.8     3.6       0   12.28    4.97
      17      10    1995     8.9    18.8    17.2     0.5       0   12.30    3.68
      18      10    1995     7.8    22.2      22     0.5       0   12.31    5.08
      19      10    1995     6.7    17.2    19.3     8.9       0   12.32    3.74
      20      10    1995     4.7    21.7    25.9       0       0   12.33     5.6
      21      10    1995     5.3    23.1    26.3       0       0   12.34    5.95
      22      10    1995     6.1    20.2    24.4       0       0   12.35    4.96
      23      10    1995     3.3    23.2    27.2       0       0   12.36    6.23
      24      10    1995     2.7    21.2    26.7       0       0   12.37    5.72
      25      10    1995       5    19.8    24.8       0       0   12.38       5
      26      10    1995       4    22.7    26.8     0.5       0   12.39    6.01
      27      10    1995     8.2    21.2    23.8       0       0   12.40    4.96
      28      10    1995     6.4    20.8    24.6       0       0   12.41    5.11
      29      10    1995     7.8    23.1    20.9      14       0   12.42    5.23
      30      10    1995     7.8    18.7    22.2     0.3       0   12.43    4.23
      31      10    1995     7.9    18.9    22.3       0       0   12.44    4.28
       1      11    1995     7.8    20.3    20.9       0       0   12.44    4.52
       2      11    1995     4.8    18.2    24.1       0       0   12.45    4.57
       3      11    1995     3.2    23.7    25.3       0       0   12.46    6.23
       4      11    1995     4.1    21.3    26.2       0       0   12.47     5.6
       5      11    1995     7.1    22.1    25.1       0       0   12.48    5.43
       6      11    1995     6.2    19.1    23.8     0.3       0   12.49    4.64
       7      11    1995     5.1    22.3    26.2       0       0   12.50    5.77
       8      11    1995     7.1    20.7    20.1       2       0   12.51    4.63
       9      11    1995     6.7    20.9    22.1     4.6       0   12.52     4.9
      10      11    1995     6.2    22.4    25.7       0       0   12.52    5.66
      11      11    1995     7.8    23.5    25.5       0       0   12.53    5.78
      12      11    1995     2.1    22.2    25.1     4.6       0   12.54    5.92
      13      11    1995     7.8      20    20.8     4.8       0   12.55    4.44
      14      11    1995       7    16.7    21.3     2.3       0   12.55    3.77
      15      11    1995     8.1    19.5    20.2     3.8       0   12.56    4.23
      16      11    1995     6.5    12.7    15.1     4.9       0   12.57    2.46
      17      11    1995     5.3    19.1    24.4     4.1       0   12.58    4.78
      18      11    1995     3.8      20    25.7     0.5       0   12.58    5.26
      19      11    1995     3.2    19.7    23.4       1       0   12.59    5.05
      20      11    1995     6.7    18.6    20.5      15       0   12.60     4.2
      21      11    1995     5.7    20.8    25.2       0       0   12.60    5.25
      22      11    1995     5.3    22.3    26.1       0       0   12.61    5.76
      23      11    1995     4.8    23.1    26.7       0       0   12.62    6.07
      24      11    1995     5.6    24.1    26.8       0       0   12.62    6.27
      25      11    1995     3.9    24.5    27.7       0       0   12.63    6.61
      26      11    1995       4    25.3    27.9       0       0   12.63    6.84
      27      11    1995     2.3    25.6    26.4       0       0   12.64    6.92
      28      11    1995     6.2    22.1    25.6     2.5       0   12.64    5.58
      29      11    1995     7.9    26.6    24.5     1.3       0   12.65    6.52
      30      11    1995     4.2    22.2    26.6     4.3       0   12.65    5.87
       1      12    1995     4.1    22.4    24.3    22.8       0   12.66    5.74
       2      12    1995     8.2    19.8    22.8     6.1       0   12.66    4.53
       3      12    1995     7.8    20.2    23.4       0       0   12.67    4.73
       4      12    1995       9    22.5    24.2       0       0   12.67    5.27
       5      12    1995     5.2      24    26.9     0.3       0   12.67    6.29
       6      12    1995     4.9      24      27       0       0   12.68    6.33
       7      12    1995     4.3    24.9    27.6     1.5       0   12.68    6.68
       8      12    1995    10.2      21    22.2    11.4       0   12.68    4.56
       9      12    1995     6.7    21.2    24.8       0       0   12.69    5.22
      10      12    1995     6.4    23.6    26.2       0       0   12.69    6.01
      11      12    1995       2    23.5    27.9       0       0   12.69    6.51
      12      12    1995    -1.2    22.4    28.6     6.4       0   12.69    6.51
      13      12    1995     1.8      22    27.5     2.5       0   12.70     6.1
      14      12    1995     2.6      22    27.1       0       0   12.70       6
      15      12    1995     4.8    22.8    26.5     0.5       0   12.70    5.97
      16      12    1995     2.6    22.9    27.5       0       0   12.70    6.27
      17      12    1995       6    20.8    24.9       0       0   12.70     5.2
      18      12    1995       4    17.3      24       0       0   12.70    4.44
      19      12    1995     2.7    20.5    26.5       0       0   12.70    5.55
      20      12    1995     4.6    19.1    24.8       0       0   12.70    4.89
      21      12    1995     5.2      22      26       0       0   12.70    5.68
      22      12    1995     7.5    21.9    24.7     1.8       0   12.70    5.32
      23      12    1995     7.4    17.4    21.5     7.8       0   12.70    3.92
      24      12    1995     6.9    18.4    22.7     3.3       0   12.70    4.32
      25      12    1995     7.6    13.8    29.8     7.8       0   12.70    3.73
      26      12    1995     7.4      18      22     9.4       0   12.70    4.11
      27      12    1995     6.5    17.6    22.4    14.8       0   12.70    4.14
      28      12    1995     7.8    17.8    21.5     0.3       0   12.70    3.97
      29      12    1995     6.2    17.7    22.7     1.6       0   12.70    4.22
      30      12    1995     3.7    19.8    25.6       0       0   12.69    5.21
      31      12    1995     8.6    21.3    23.6       0       0   12.69    4.95
       1       1    1996       2      11    20.6       0       0   12.69    2.96
       2       1    1996     4.9    18.2      24     2.5       0   12.69    4.57
       3       1    1996     8.8    20.4    22.8     4.9       0   12.68    4.62
       4       1    1996     6.7    22.5    25.5     8.9       0   12.68    5.63
       5       1    1996     4.2    23.1      27     0.8       0   12.68    6.15
       6       1    1996       6    20.3    24.7     1.8       0   12.67    5.06
       7       1    1996     3.2    20.2    26.1       0       0   12.67     5.4
       8       1    1996     5.2    18.4      24       0       0   12.66     4.6
       9       1    1996    17.2    23.3    22.9     2.3       0   12.66    4.34
      10       1    1996    10.6    20.8    21.1       0       0   12.66    4.36
      11       1    1996       9    25.3    32.1       0       0   12.65    6.81
      12       1    1996     7.8    25.3    28.6       0       0   12.65    6.58
      13       1    1996     7.2    24.1    31.5     2.3       0   12.64    6.57
      14       1    1996     5.8    21.8    25.9       0       0   12.64    5.57
      15       1    1996       6    22.9    24.3     0.3       0   12.63     5.7
      16       1    1996       7    21.6    21.3       0       0   12.63    4.99
      17       1    1996     7.1    22.5      24     0.5       0   12.62    5.46
      18       1    1996     6.4    18.8    22.2     7.6       0   12.61    4.43
      19       1    1996       5    16.3      20     6.5       0   12.61    3.79
      20       1    1996     5.6    16.5    19.5     9.4       0   12.60    3.74
      21       1    1996     5.4    17.3    17.1    19.3       0   12.59    3.75
      22       1    1996       4    18.6    24.6       0       0   12.59     4.8
      23       1    1996     5.4    20.3      20     0.8       0   12.58    4.71
      24       1    1996     6.3    18.3    16.1       2       0   12.57     3.8
      25       1    1996     8.4    21.2    20.7     1.8       0   12.57    4.68
      26       1    1996     8.7      24    24.9    26.2       0   12.56    5.77
      27       1    1996     7.9    19.8    20.8    14.2       0   12.55    4.39
      28       1    1996     7.7      13      18     7.4       0   12.54    2.61
      29       1    1996     7.7      19    22.6       1       0   12.54    4.37
      30       1    1996       4     9.2    21.3       3       0   12.53    2.47
      31       1    1996     7.1    18.1    18.5       0       0   12.52    3.87
       1       2    1996     6.1    19.2    23.9     3.6       0   12.51    4.69
       2       2    1996     4.2      20      23    14.5       0   12.50       5
       3       2    1996     7.2      21    24.4       0       0   12.49    5.08
       4       2    1996       9    20.1    18.3       0       0   12.49    4.11
       5       2    1996     6.2    19.1    21.2       0       0   12.48    4.43
       6       2    1996       7      20    21.3     1.3       0   12.47    4.58
       7       2    1996     7.3      20    23.6     4.1       0   12.46    4.74
       8       2    1996     8.2    17.2    16.6     6.4       0   12.45    3.36
       9       2    1996     7.1    16.3    18.3     2.6       0   12.44    3.42
      10       2    1996     7.4    16.1    20.3    15.2       0   12.43    3.51
      11       2    1996     7.3    20.1    21.1       3       0   12.42    4.55
      12       2    1996       7    20.2    23.9     2.3       0   12.41    4.85
      13       2    1996     7.5    16.1    17.6     4.8       0   12.40    3.27
      14       2    1996     4.2    19.3      25     3.6       0   12.39    4.98
      15       2    1996     6.3    20.2    24.3       3       0   12.38    4.95
      16       2    1996       6      18      23     5.8       0   12.37    4.32
      17       2    1996     5.2    18.2    21.2       0       0   12.36     4.3
      18       2    1996     7.1    21.1    24.3       3       0   12.35     5.1
      19       2    1996       7    20.2    23.8     0.8       0   12.34    4.83
      20       2    1996       5      21    25.4     3.3       0   12.33    5.36
      21       2    1996     3.5    20.3    25.8     1.3       0   12.32    5.35
      22       2    1996     4.1    21.1    21.5     3.3       0   12.31    5.14
      23       2    1996     7.2    15.6    19.8       0       0   12.30    3.36
      24       2    1996       7      17    18.8      16       0   12.29    3.62
      25       2    1996     6.7      20    19.6       1       0   12.28    4.44
      26       2    1996     7.3    18.4    22.1     5.6       0   12.27    4.19
      27       2    1996     4.8    21.3      23     8.6       0   12.26    5.24
      28       2    1996     8.6    19.2    21.7       0       0   12.25    4.21
      29       2    1996     7.8    19.7    22.6     3.3       0   12.24     4.5
       1       3    1996     9.2    18.1    20.1       1       0   12.23    3.73
       2       3    1996     9.1    19.2    21.2     6.6       0   12.21     4.1
       3       3    1996     7.9    24.9    25.5     8.6       0   12.20     6.1
       4       3    1996     8.7    20.3    22.3    10.7       0   12.19    4.52
       5       3    1996     9.5    22.1      23     6.6       0   12.18    4.95
       6       3    1996     8.1    19.7    22.2     3.6       0   12.17    4.42
       7       3    1996     7.1    21.5      24     8.6       0   12.16    5.13
       8       3    1996     8.1    16.9    19.8     0.5       0   12.15    3.54
       9       3    1996     6.4    19.2      23       0       0   12.14    4.53
      10       3    1996     5.5    22.6    25.3       0       0   12.12    5.68
      11       3    1996     3.4    21.5    25.7       0       0   12.11    5.61
      12       3    1996     4.7    22.6    25.6     5.3       0   12.10    5.77
      13       3    1996     4.8    20.2    24.3     1.3       0   12.09    5.03
      14       3    1996     6.8    18.8    22.2       0       0   12.08    4.31
      15       3    1996       5    20.6    24.3       0       0   12.07    5.11
      16       3    1996     6.4    20.4    23.4       0       0   12.06    4.84
      17       3    1996     6.8    20.8    23.3    11.2       0   12.05    4.89
      18       3    1996       3    20.2    24.9       0       0   12.03    5.22
      19       3    1996     7.9    19.1    21.4       0       0   12.02    4.19
      20       3    1996     7.1    20.2    22.6     8.7       0   12.01    4.64
      21       3    1996       7    17.8      21     2.5       0   12.00    3.93
      22       3    1996     6.8    16.8    20.3       0       0   11.99    3.66
      23       3    1996     7.6    18.1    20.7     1.8       0   11.98    3.91
      24       3    1996     5.7    12.4    17.2     1.5       0   11.97    2.58
      25       3    1996     4.6    16.9    14.1     7.9       0   11.95    3.44
      26       3    1996     4.5    18.4    23.2       0       0   11.94    4.48
      27       3    1996     4.2    19.9    25.2     4.3       0   11.93    5.02
      28       3    1996     3.7    21.6    26.1    11.7       0   11.92    5.56
      29       3    1996     3.6    24.4      27     2.3       0   11.91    6.37
      30       3    1996     5.3    21.4    24.2       0       0   11.90    5.21
      31       3    1996    10.2    24.8    21.6     0.5       0   11.89    5.35
       1       4    1996     6.8    22.8    22.1       1       0   11.88    5.24
       2       4    1996     5.2    22.3    19.9       0       0   11.86    5.08
       3       4    1996     4.3    18.2    19.4       0       0   11.85    4.13
       4       4    1996       4    19.9    19.1    21.1       0   11.84    4.54
       5       4    1996     7.2    22.8    22.2     5.3       0   11.83    5.18
       6       4    1996     5.9    23.1    23.5     0.5       0   11.82    5.49
       7       4    1996     6.7    22.7    19.3       0       0   11.81    4.96
       8       4    1996     9.5    24.1    25.3     0.3       0   11.80    5.54
       9       4    1996     6.1    24.1      27       0       0   11.79       6
      10       4    1996     7.8    26.2    23.2       0       0   11.77    6.07
      11       4    1996       9    25.4    16.7     1.3       0   11.76    5.15
      12       4    1996    11.3    26.6    16.8       0       0   11.75    5.18
      13       4    1996    11.6    24.1    17.4       0       0   11.74    4.55
      14       4    1996      10      22      18     0.8       0   11.73    4.27
      15       4    1996     7.7    18.9    20.4       0       0   11.72    3.97
      16       4    1996     6.3    20.8    27.1       0       0   11.71    5.09
      17       4    1996     5.8    21.3    19.6       0       0   11.70    4.68
      18       4    1996     2.5      18    20.4     0.3       0   11.69    4.26
      19       4    1996     3.7      21    18.2       2       0   11.68     4.7
      20       4    1996     6.1    21.2    14.6     3.8       0   11.67    4.23
      21       4    1996     7.3    21.2    18.4       0       0   11.66    4.38
      22       4    1996     3.5    17.7    18.4       0       0   11.65    3.94
      23       4    1996     2.2      15    16.1       0       0   11.64    3.32
      24       4    1996    -0.4    17.9    21.4       0       0   11.63    4.51
      25       4    1996    -0.5    17.2    16.9       0       0   11.62    4.08
      26       4    1996    -1.3    19.5    19.8       0       0   11.61    4.85
      27       4    1996    -1.1    19.4    24.2     0.8       0   11.60    5.08
      28       4    1996       3    19.7    17.8       0       0   11.59    4.39
      29       4    1996     6.9    23.9    20.5       0       0   11.58    5.22
      30       4    1996     9.9    23.9    18.6     1.5       0   11.57    4.73
       1       5    1996     9.2    25.6      17       0       0   11.56     5.1
       2       5    1996     6.9      24    11.9     3.3       0   11.55    4.56
       3       5    1996       6    21.7    22.5       0       0   11.54    4.88
       4       5    1996     4.4    23.4    25.2       0       0   11.53    5.64
       5       5    1996     3.7    22.9    19.8       0       0   11.52    5.19
       6       5    1996     5.4    22.5    16.5       0       0   11.51    4.69
       7       5    1996     8.4    22.8    19.5       0       0   11.51    4.66
       8       5    1996     7.9    21.7    17.7       0       0   11.50     4.3
       9       5    1996       9    24.3    21.9       0       0   11.49    5.15
      10       5    1996     9.3    23.4    17.5       0       0   11.48    4.53
      11       5    1996     7.5    25.3    22.1       0       0   11.47    5.56
      12       5    1996     7.6    24.9    16.5       0       0   11.46    5.01
      13       5    1996     3.2    22.2    20.5       0       0   11.46    5.07
      14       5    1996     2.3    19.7    22.2       0       0   11.45    4.65
      15       5    1996     4.5    22.1    19.4       0       0   11.44    4.84
      16       5    1996     1.2    20.7    19.9       0       0   11.43    4.83
      17       5    1996    -3.8      18    21.6       0       0   11.43    4.67
      18       5    1996    -5.6    20.1    22.3       0       0   11.42    5.29
      19       5    1996    -0.1    22.4    20.8       0       0   11.41    5.37
      20       5    1996     0.4    21.6    20.6       0       0   11.41    5.13
      21       5    1996     0.8    22.7    20.3       0       0   11.40    5.33
      22       5    1996     2.3    21.6    18.1       0       0   11.39    4.81
      23       5    1996     3.9    23.9    23.6       1       0   11.39    5.57
      24       5    1996     4.7    21.7    18.4       0       0   11.38    4.62
      25       5    1996     2.1    19.5    18.4       0       0   11.37    4.34
      26       5    1996     4.7    22.7    23.2       0       0   11.37    5.16
      27       5    1996     2.7    20.5    22.5       0       0   11.36    4.76
      28       5    1996       1    18.2    20.7     0.3       0   11.36    4.26
      29       5    1996     2.7    16.5    16.3       0       0   11.35    3.48
      30       5    1996     0.7    16.7    14.3       0       0   11.35     3.6
      31       5    1996     3.8    22.8    23.1       0       0   11.34    5.24
       1       6    1996     4.3    22.4    17.7       0       0   11.34    4.75
       2       6    1996     1.8    22.1    21.2       0       0   11.34    5.11
       3       6    1996     2.5    19.5    18.6       0       0   11.33    4.29
       4       6    1996    -0.6    20.4    20.1       0       0   11.33    4.83
       5       6    1996    -0.8    18.9    17.7       0       0   11.32    4.38
       6       6    1996    -0.9    20.3    17.9       0       0   11.32    4.71
       7       6    1996    -0.3    14.7    15.2       0       0   11.32     3.3
       8       6    1996    -1.3    17.2    20.7       0       0   11.31    4.19
       9       6    1996     2.5    19.1    22.7       0       0   11.31    4.42
      10       6    1996    -1.2    19.2    22.6       0       0   11.31    4.72
      11       6    1996     1.5    21.7    21.8       0       0   11.31    5.05
      12       6    1996    -3.2      19    21.3       0       0   11.30    4.75
      13       6    1996      -4    18.1    16.2       0       0   11.30    4.35
      14       6    1996      -3    17.5    17.4       0       0   11.30     4.2
      15       6    1996    -3.1      16      20       0       0   11.30    4.01
      16       6    1996       1    16.1    17.4       0       0   11.30    3.58
      17       6    1996    -1.1    18.4    19.4       0       0   11.30    4.36
      18       6    1996       2    16.1    17.1       0       0   11.30    3.47
      19       6    1996    -1.6    19.7    20.8     0.5       0   11.30    4.76
      20       6    1996    -4.9    19.1    20.9       0       0   11.30    4.85
      21       6    1996    -2.4    20.4    20.4       0       0   11.30    4.96
      22       6    1996    -4.6    18.8      21       0       0   11.30    4.77
      23       6    1996    -0.1    17.9    21.2       0       0   11.30    4.26
      24       6    1996    -4.2    19.2    19.4       0       0   11.30    4.76
      25       6    1996    -5.5    20.6    19.6     0.8       0   11.30    5.16
      26       6    1996    -3.3    19.9    20.4       0       0   11.30    4.91
      27       6    1996     3.9    21.4    19.1       0       0   11.30    4.61
      28       6    1996    -0.4    17.4      21       0       0   11.30    4.17
      29       6    1996       1    18.9    20.2       0       0   11.31    4.35
      30       6    1996    -2.4    16.7    22.3       0       0   11.31    4.23
       1       7    1996    -6.7    16.5    22.6       0       0   11.31    4.48
       2       7    1996    -1.9    19.4    22.5       0       0   11.31    4.81
       3       7    1996    -4.5    19.6    22.7       0       0   11.32    5.04
       4       7    1996    -4.8    18.7    20.3       0       0   11.32    4.74
       5       7    1996    -1.8    17.4    21.2       0       0   11.32     4.3
       6       7    1996    -2.2    18.8      18       0       0   11.33    4.48
       7       7    1996     1.1    18.7    16.8       0       0   11.33    4.12
       8       7    1996     1.9      20    19.3       0       0   11.33    4.49
       9       7    1996     5.4    20.3    22.8       0       0   11.34    4.46
      10       7    1996     7.1    21.9    19.3       0       0   11.34    4.45
      11       7    1996       5    23.3    16.1       0       0   11.35    4.79
      12       7    1996       1    21.3    22.7       0       0   11.35    5.08
      13       7    1996    -2.3    21.2    23.1       0       0   11.36    5.33
      14       7    1996    -7.5    19.3    23.1       0       0   11.36     5.2
      15       7    1996    -2.3    18.1    17.4       0       0   11.37    4.32
      16       7    1996     3.1    19.6    19.6       0       0   11.37    4.34
      17       7    1996     1.1    20.1    17.8       0       0   11.38    4.53
      18       7    1996     0.5    21.4    23.4       0       0   11.38    5.21
      19       7    1996       3    20.8    21.7       0       0   11.39    4.77
      20       7    1996     2.2    17.3    19.9       0       0   11.40    3.93
      21       7    1996     2.7    20.3    21.9       0       0   11.40     4.7
      22       7    1996    -2.9    18.7    21.2       0       0   11.41    4.73
      23       7    1996    -2.4    19.9    23.7       0       0   11.42    5.11
      24       7    1996    -3.2    18.7    20.7       0       0   11.42    4.73
      25       7    1996    -1.3    19.2    20.3       0       0   11.43    4.69
      26       7    1996     1.9    19.6    17.7       0       0   11.44    4.37
      27       7    1996     5.2    19.5    18.8       0       0   11.44    4.11
      28       7    1996     1.6    18.9    18.2       0       0   11.45    4.28
      29       7    1996     2.6    19.8    15.4       0       0   11.46    4.22
      30       7    1996     0.1    21.6    23.1       0       0   11.47    5.34
      31       7    1996     0.8    22.3      23       0       0   11.48    5.46
       1       8    1996    -0.3    22.3    19.5       0       0   11.48    5.33
       2       8    1996     1.6      21    20.4       0       0   11.49    4.93
       3       8    1996     2.1      20    16.4       0       0   11.50     4.4
       4       8    1996    -1.4    17.3      18     0.3       0   11.51    4.18
       5       8    1996     0.7    20.3    20.9       0       0   11.52    4.88
       6       8    1996     3.9      23    22.9       0       0   11.53    5.41
       7       8    1996     3.3    22.2    17.5     1.8       0   11.54     4.9
       8       8    1996       2    21.1    20.3       0       0   11.55    4.94
       9       8    1996    -2.5    18.7    25.2       0       0   11.56    5.03
      10       8    1996    -1.5    21.5    25.3       0       0   11.56    5.64
      11       8    1996    -3.8    19.4    20.6       0       0   11.57    5.02
      12       8    1996    -1.6      20    25.5       0       0   11.58    5.31
      13       8    1996    -2.7    19.2    25.6     5.6       0   11.59    5.21
      14       8    1996    -1.7    18.7    25.7       1       0   11.60    5.03
      15       8    1996    -1.4    15.7    21.2       0       0   11.61    4.06
      16       8    1996    -1.6      17    21.8       0       0   11.62    4.41
      17       8    1996    -1.8    16.3    21.6       0       0   11.63    4.26
      18       8    1996    -2.7    14.2    21.2     0.3       0   11.64    3.85
      19       8    1996     0.1    13.8      20     0.5       0   11.65    3.48
      20       8    1996    -0.2    16.5    24.8       0       0   11.66    4.39
      21       8    1996      -3    15.2    23.8       0       0   11.67    4.25
      22       8    1996     0.6    17.9    26.5     2.3       0   11.68    4.78
      23       8    1996    -0.1      20      25       0       0   11.69    5.25
      24       8    1996     2.9      21      21       0       0   11.70    4.98
      25       8    1996     1.2    20.6    19.9     1.3       0   11.72    4.96
      26       8    1996     1.5    20.2    20.6       0       0   11.73    4.89
      27       8    1996     5.3    21.8      20       1       0   11.74    4.89
      28       8    1996     4.3    23.7    21.7       0       0   11.75     5.6
      29       8    1996     4.1    24.1    24.7     0.5       0   11.76    5.96
      30       8    1996     7.2    25.4      20       1       0   11.77    5.62
      31       8    1996     6.1    20.8    21.6       0       0   11.78    4.71
       1       9    1996     5.8    20.8    19.2       0       0   11.79    4.56
       2       9    1996     6.6    21.7    25.3       0       0   11.80    5.19
       3       9    1996       5    22.2    27.7       0       0   11.81    5.66
       4       9    1996     6.2    22.3    24.3       0       0   11.82    5.31
       5       9    1996       7    20.6    22.3       1       0   11.84    4.65
       6       9    1996     5.2    22.5    27.1       0       0   11.85    5.69
       7       9    1996     5.7      20    23.4       0       0   11.86    4.72
       8       9    1996     3.2    19.7    18.1       0       0   11.87    4.49
       9       9    1996     2.6    21.9    23.9       0       0   11.88    5.53
      10       9    1996     5.6    23.1    28.4       0       0   11.89    5.94
      11       9    1996     6.3    23.5      25       0       0   11.90    5.71
      12       9    1996     4.4    23.2    21.9       0       0   11.91    5.56
      13       9    1996     4.9    22.4    21.1       0       0   11.93    5.25
      14       9    1996     6.3    22.3    27.3       0       0   11.94     5.6
      15       9    1996     4.9    21.8    25.7       0       0   11.95    5.47
      16       9    1996     1.8    18.6    21.7       0       0   11.96    4.65
      17       9    1996     2.5    18.4    21.8       0       0   11.97    4.55
      18       9    1996     6.5    22.8    26.2       0       0   11.98    5.64
      19       9    1996     6.6    25.9      22     1.5       0   11.99    6.09
      20       9    1996     9.4    26.3    27.5     2.9       0   12.01    6.43
      21       9    1996     9.2    24.6    29.2       0       0   12.02    6.15
      22       9    1996     9.6    23.9    24.4     0.3       0   12.03    5.48
      23       9    1996     6.9    23.8    26.1     0.3       0   12.04    5.89
      24       9    1996     8.5    21.7    21.5     3.8       0   12.05    4.77
      25       9    1996     4.4    20.4    23.5     5.1       0   12.06    5.03
      26       9    1996     5.2    21.3    24.8     5.9       0   12.07    5.29
      27       9    1996       8    22.7    18.5     1.8       0   12.09    4.83
      28       9    1996     2.9    22.9    24.3       0       0   12.10    5.88
      29       9    1996     2.5    21.2    26.3       0       0   12.11    5.63
      30       9    1996     3.5    25.5    30.1     0.5       0   12.12    7.01
       1      10    1996     6.1    22.7    15.7       0       0   12.13     4.8
       2      10    1996     4.6    23.5      23       0       0   12.14    5.79
       3      10    1996     3.8    27.6    26.9       0       0   12.15    7.29
       4      10    1996     5.3    23.2    27.2     0.8       0   12.16    6.01
       5      10    1996     3.4    23.5    23.8       3       0   12.18    5.97
       6      10    1996     2.3    23.2    26.8     2.8       0   12.19    6.24
       7      10    1996     0.4    18.5    28.5     1.5       0   12.20     5.3
       8      10    1996    -4.5    15.3    29.4     0.3       0   12.21    4.91
       9      10    1996    -1.1    21.2      29       0       0   12.22    6.14
      10      10    1996     3.8    22.7    18.4     0.8       0   12.23    5.29
      11      10    1996     4.8    24.6    25.4       0       0   12.24     6.3
      12      10    1996     4.6    25.8    30.9       0       0   12.25    7.13
      13      10    1996     1.2    19.7    20.9       0       0   12.26    4.99
      14      10    1996     2.8    21.2    27.7       0       0   12.27    5.77
      15      10    1996     4.6    24.4      30       0       0   12.28    6.68
      16      10    1996     8.7    24.4    20.3       0       0   12.30     5.4
      17      10    1996     4.3    22.4    25.9       0       0   12.31    5.81
      18      10    1996     5.4    20.1    21.5       0       0   12.32    4.76
      19      10    1996     6.5    22.5      21       0       0   12.33    5.21
      20      10    1996     7.6    22.9    15.5       0       0   12.34     4.7
      21      10    1996     9.5    21.9    14.6       0       0   12.35    4.13
      22      10    1996       8    20.9    16.9     9.1       0   12.36    4.28
      23      10    1996     5.9    19.4    19.1    11.4       0   12.37    4.34
      24      10    1996     2.8    15.7    21.4     2.3       0   12.38    3.95
      25      10    1996     4.3    21.3    31.4     1.8       0   12.39       6
      26      10    1996     3.6    21.9    26.9       0       0   12.40    5.85
      27      10    1996     1.7    19.1    22.3       0       0   12.41    4.93
      28      10    1996     3.4    15.6    16.6       0       0   12.42    3.52
      29      10    1996     3.5    15.3    20.2     5.6       0   12.43    3.71
      30      10    1996     2.2    16.6    27.9     3.3       0   12.44     4.7
      31      10    1996     1.6    18.1    28.8      16       0   12.44    5.19
       1      11    1996     2.6    19.2      31     3.6       0   12.45    5.56
       2      11    1996     2.8      18    30.6     1.8       0   12.46    5.21
       3      11    1996     3.6    19.7    23.7       0       0   12.47    5.03
       4      11    1996     4.9    19.5    20.9       0       0   12.48    4.63
       5      11    1996     5.9    23.1    25.3       0       0   12.49    5.83
       6      11    1996     7.7    23.9    27.7       0       0   12.50     6.1
       7      11    1996     6.8    21.7      22       0       0   12.51    5.08
       8      11    1996     8.2    22.7    19.9       0       0   12.52       5
       9      11    1996     8.5    23.4      21       0       0   12.52    5.25
      10      11    1996     5.8    19.4    21.1     1.3       0   12.53    4.53
      11      11    1996       7    15.4    14.1       0       0   12.54     2.9
      12      11    1996     6.9    18.1    16.6       0       0   12.55    3.72
      13      11    1996     8.4    21.3    25.1     0.5       0   12.55     5.1
      14      11    1996     6.3    23.6    27.4       0       0   12.56    6.12
      15      11    1996     6.7    22.8    22.1       0       0   12.57    5.39
      16      11    1996     6.2    19.2    25.1     0.8       0   12.58    4.78
      17      11    1996     6.7    20.8    20.4       0       0   12.58    4.73
      18      11    1996     5.3    19.8    19.9       0       0   12.59    4.58
      19      11    1996     6.2    21.5    19.7     1.8       0   12.60     4.9
      20      11    1996       8    23.8    21.7     0.5       0   12.60    5.48
      21      11    1996     6.6    25.7    23.8       0       0   12.61    6.33
      22      11    1996     9.8    26.4    21.2       0       0   12.62    5.93
      23      11    1996     8.6    22.4    10.3     0.8       0   12.62    3.99
      24      11    1996     7.7      23    28.9       0       0   12.63    5.97
      25      11    1996     8.7    21.7      25     2.3       0   12.63    5.17
      26      11    1996     7.3      21    22.6     9.4       0   12.64    4.91
      27      11    1996     6.6    20.4    20.9       0       0   12.64    4.69
      28      11    1996     7.2    22.6    25.5     1.5       0   12.65     5.6
      29      11    1996    10.6    22.8    18.7     7.6       0   12.65    4.63
      30      11    1996      10    21.6    14.1     0.3       0   12.66    3.96
       1      12    1996     9.8    22.2    29.4     9.9       0   12.66     5.6
       2      12    1996     6.8    22.7    31.1     1.5       0   12.67    6.18
       3      12    1996     3.7    20.9    27.1       0       0   12.67    5.62
       4      12    1996       9    21.9    13.9     1.3       0   12.67    4.15
       5      12    1996     7.4    18.7    18.2       0       0   12.68    3.95
       6      12    1996     7.2    18.2      25    11.7       0   12.68    4.43
       7      12    1996     5.8    18.5    19.7    12.5       0   12.68     4.2
       8      12    1996     7.7    18.4    24.7       0       0   12.69     4.4
       9      12    1996     3.7    18.7    21.6       0       0   12.69    4.61
      10      12    1996     0.3    18.2    24.1     8.4       0   12.69    4.98
      11      12    1996     0.9    17.9    20.7     1.8       0   12.69     4.6
      12      12    1996     0.9    14.8    23.5     6.3       0   12.70    4.08
      13      12    1996     3.4    18.1    17.6     0.8       0   12.70    4.18
      14      12    1996       2    21.2    20.1     0.6       0   12.70    5.27
      15      12    1996     5.1    21.3      20       0       0   12.70    4.99
      16      12    1996    11.4    23.8    19.5     0.3       0   12.70    4.88
      17      12    1996     9.9      23    22.9     1.1       0   12.70    5.18
      18      12    1996     9.6    23.1      20       0       0   12.70    4.96
      19      12    1996     6.8    21.6    25.2       2       0   12.70    5.36
      20      12    1996     2.9    19.5    22.1     5.3       0   12.70    4.93
      21      12    1996       2    18.6    26.8     0.5       0   12.70    5.15
      22      12    1996     1.3    21.3    27.3       0       0   12.70    5.94
      23      12    1996     7.4    21.5    19.7     0.3       0   12.70    4.77
      24      12    1996     4.1    21.6    25.4     3.8       0   12.70    5.63
      25      12    1996     2.3    19.8    25.2    11.2       0   12.70     5.3
      26      12    1996       6    20.8    19.3       1       0   12.70    4.71
      27      12    1996     7.9    19.8    21.1     4.4       0   12.70    4.42
      28      12    1996     9.8    24.5    25.6     1.3       0   12.70    5.86
      29      12    1996       9    22.4    24.5       0       0   12.69    5.28
      30      12    1996       9    20.6    21.7       0       0   12.69    4.55
      31      12    1996     6.7    16.5    17.4     1.8       0   12.69    3.45
       1       1    1997       4      24    17.1       0       0   12.69    5.53
       2       1    1997       3      23    22.9       0       0   12.69    5.88
       3       1    1997       5      22    21.6       3       0   12.68    5.32
       4       1    1997       9      17    19.5       2       0   12.68    3.48
       5       1    1997       7      23    21.8       0       0   12.68     5.4
       6       1    1997       4      21    22.9       0       0   12.67    5.27
       7       1    1997       6      20    19.7       0       0   12.67    4.55
       8       1    1997       7      20      26       1       0   12.66    4.99
       9       1    1997       5      21      21       0       0   12.66    5.01
      10       1    1997       6      20    23.9      13       0   12.66    4.91
      11       1    1997       6      20    16.9    10.6       0   12.65    4.31
      12       1    1997       7      17    15.4     5.8       0   12.65    3.36
      13       1    1997       5      19      27    12.8       0   12.64    5.01
      14       1    1997       6      17    21.6     1.3       0   12.64    3.98
      15       1    1997       8      18    26.8       0       0   12.63    4.46
      16       1    1997       9      18    23.5     5.1       0   12.63    4.06
      17       1    1997       9      19      16     3.8       0   12.62    3.64
      18       1    1997       8      21    19.6    11.7       0   12.61    4.57
      19       1    1997       8      21    25.1     0.3       0   12.61    5.07
      20       1    1997       6      20    24.3     7.4       0   12.60    4.94
      21       1    1997       5      21    24.6     2.8       0   12.59    5.32
      22       1    1997       7      21    22.5     0.5       0   12.59    4.94
      23       1    1997       8      21    21.1     1.3       0   12.58    4.71
      24       1    1997       7      16    27.4     1.3       0   12.57    4.11
      25       1    1997       6      16    23.8       0       0   12.57    3.92
      26       1    1997       7      16    28.8     0.5       0   12.56    4.23
      27       1    1997       6      21    20.8    12.2       0   12.55    4.89
      28       1    1997       6      20    14.8     0.3       0   12.54    4.13
      29       1    1997       7      21    18.1     0.5       0   12.54    4.55
      30       1    1997       7      18    24.7     4.9       0   12.53    4.37
      31       1    1997       6      20    19.2     1.8       0   12.52     4.5
       1       2    1997       4      24    17.8       0       0   12.51    5.59
       2       2    1997       2      22      14       0       0   12.50    4.96
       3       2    1997       3      22    16.4       2       0   12.49    5.06
       4       2    1997       5      20    19.8     2.3       0   12.49    4.66
       5       2    1997       9      16    23.3     0.8       0   12.48    3.56
       6       2    1997       9      19    20.5     1.3       0   12.47    4.04
       7       2    1997       4      18    18.3    16.3       0   12.46    4.15
       8       2    1997       6      19    21.8       1       0   12.45    4.47
       9       2    1997       5      18    14.3    23.9       0   12.44    3.72
      10       2    1997       6      18    14.8     0.5       0   12.43    3.65
      11       2    1997       6      18    24.2     3.8       0   12.42    4.42
      12       2    1997       7      17    29.4     0.8       0   12.41    4.51
      13       2    1997       8      18    28.9     5.4       0   12.40    4.62
      14       2    1997       6      20    24.6     0.3       0   12.39    4.95
      15       2    1997       6      21    22.4     3.1       0   12.38    5.02
      16       2    1997       5      20    23.5     2.3       0   12.37    4.95
      17       2    1997       6      21    29.4     6.1       0   12.36    5.62
      18       2    1997       6      19    22.3     2.3       0   12.35     4.5
      19       2    1997       8      19    18.7    10.7       0   12.34    3.98
      20       2    1997       6      18    27.5     6.1       0   12.33    4.68
      21       2    1997       6      15    17.2    20.3       0   12.32    3.16
      22       2    1997       6      17    25.6       2       0   12.31    4.28
      23       2    1997       8      17    25.3     9.1       0   12.30    4.05
      24       2    1997       7      16    17.7     6.4       0   12.29     3.3
      25       2    1997       9      19    23.7     7.8       0   12.28     4.3
      26       2    1997       5      20      24     2.8       0   12.27    4.98
      27       2    1997       7      15    26.2     0.5       0   12.26    3.74
      28       2    1997       6      20      28       0       0   12.25    5.21
       1       3    1997       5      21      30       0       0   12.24    5.73
       2       3    1997       8      19    21.4       0       0   12.23     4.2
       3       3    1997       6      24    15.9       0       0   12.21    5.18
       4       3    1997       8      18    23.6       0       0   12.20    4.13
       5       3    1997       7      17    21.6       0       0   12.19    3.83
       6       3    1997       7      20    15.1       0       0   12.18    4.01
       7       3    1997       8      18    16.9       0       0   12.17    3.57
       8       3    1997       7      18    20.7       0       0   12.16    3.99
       9       3    1997       7      19    25.1       0       0   12.15     4.6
      10       3    1997       6      13    21.9       0       0   12.14    3.05
      11       3    1997       4      20      24       0       0   12.12    5.04
      12       3    1997       7      20    11.8       0       0   12.11    3.72
      13       3    1997       6      22    17.4       0       0   12.10    4.79
      14       3    1997       4      20      20       0       0   12.09    4.71
      15       3    1997       7      19    24.4       0       0   12.08    4.52
      16       3    1997       6      21    18.7       0       0   12.07    4.64
      17       3    1997       6      20    22.7       0       0   12.06    4.72
      18       3    1997       4      22    23.9       0       0   12.05    5.51
      19       3    1997       3      22    20.7       0       0   12.03    5.34
      20       3    1997       4      21      19       0       0   12.02    4.86
      21       3    1997       3      23    24.5       0       0   12.01    5.89
      22       3    1997       7      22    21.5       0       0   12.00       5
      23       3    1997       5      22    21.4       0       0   11.99    5.19
      24       3    1997       3      23    20.5       0       0   11.98    5.56
      25       3    1997       3      22    16.9       0       0   11.97    5.02
      26       3    1997       2      21    24.2       0       0   11.95    5.42
      27       3    1997       6      22    23.5       0       0   11.94    5.25
      28       3    1997       9      10    19.8       0       0   11.93    1.92
      29       3    1997       4      16    15.9       0       0   11.92    3.43
      30       3    1997       7      19    25.4       0       0   11.91    4.54
      31       3    1997       5      21    14.4       0       0   11.90    4.36
       1       4    1997       2      21    21.5       0       0   11.89    5.19
       2       4    1997       1      22      14       0       0   11.88    4.95
       3       4    1997       1      22    18.9       0       0   11.86    5.31
       4       4    1997       0      21    17.3       0       0   11.85    5.03
       5       4    1997       6      19    19.5       0       0   11.84    4.15
       6       4    1997       6      23    18.8       0       0   11.83    5.07
       7       4    1997       6      20    15.7       0       0   11.82    4.09
       8       4    1997       7      18    15.1       0       0   11.81    3.46
       9       4    1997       7      20    16.9       0       0   11.80    4.06
      10       4    1997       0      20    21.2       0       0   11.79    5.04
      11       4    1997       2      21    18.4       0       0   11.77    4.91
      12       4    1997       5      19    20.4       0       0   11.76    4.29
      13       4    1997       3      21    25.9       0       0   11.75    5.36
      14       4    1997       4      22    21.7       0       0   11.74     5.2
      15       4    1997       5      21    25.2       0       0   11.73    5.12
      16       4    1997       6      20    23.1       0       0   11.72    4.61
      17       4    1997       7      20    17.1       0       0   11.71    4.04
      18       4    1997       6      19    19.1       0       0   11.70    4.06
      19       4    1997       2      20    21.9       0       0   11.69    4.88
      20       4    1997       7      22    19.8       0       0   11.68    4.73
      21       4    1997       1      20    17.7       0       0   11.67    4.66
      22       4    1997       6      21    18.9       0       0   11.66    4.51
      23       4    1997       2      21    23.1       0       0   11.65    5.18
      24       4    1997       3      21    26.3       0       0   11.64    5.31
      25       4    1997       1    22.2    23.6       0       0   11.63    5.57
      26       4    1997       3      22    13.1       0       0   11.62    4.61
      27       4    1997       0      21    19.2       0       0   11.61    5.05
      28       4    1997       7      21    15.1       0       0   11.60    4.08
      29       4    1997       6      24    19.6       0       0   11.59    5.26
      30       4    1997       5      22    22.4       0       0   11.58    5.07
       1       5    1997       8      21    15.3       0       0   11.57    3.97
       2       5    1997       4      20    16.6       0       0   11.56    4.26
       3       5    1997       2      19    15.3       0       0   11.55    4.13
       4       5    1997       6      17    21.2       0       0   11.54    3.67
       5       5    1997       2      21    19.5       0       0   11.53    4.86
       6       5    1997       1      20    17.6       0       0   11.52    4.59
       7       5    1997       3      21    19.9       0       0   11.51    4.79
       8       5    1997       3      20    23.6       0       0   11.51    4.79
       9       5    1997       3      21    23.3       0       0   11.50       5
      10       5    1997       5      20      22       0       0   11.49    4.49
      11       5    1997       4      21    18.4       0       0   11.48    4.58
      12       5    1997       2      22    22.5       0       0   11.47    5.26
      13       5    1997       1      21    24.4       0       0   11.46    5.21
      14       5    1997       3      22    19.7       0       0   11.46    4.98
      15       5    1997       1      23    24.2       0       0   11.45    5.67
      16       5    1997      -2      21    20.6       0       0   11.44    5.19
      17       5    1997       3      19    22.6       0       0   11.43    4.43
      18       5    1997       3      20    20.8       0       0   11.43    4.55
      19       5    1997       4      20    17.7       0       0   11.42    4.26
      20       5    1997       6      19    18.1       0       0   11.41    3.84
      21       5    1997       7      18    21.9       0       0   11.41    3.76
      22       5    1997       8      20    18.4       0       0   11.40    3.87
      23       5    1997       5      21    15.6       0       0   11.39    4.24
      24       5    1997       1      20    19.3       0       0   11.39    4.61
      25       5    1997       7      21    15.9       0       0   11.38    4.04
      26       5    1997       9      22      17       0       0   11.37    4.12
      27       5    1997       6      23    19.6       0       0   11.37    4.87
      28       5    1997       0      21    13.2       0       0   11.36    4.56
      29       5    1997       1      20     9.7       0       0   11.36    4.04
      30       5    1997       2      21    15.9       0       0   11.35    4.53
      31       5    1997       2      21    19.2       0       0   11.35    4.72
       1       6    1997       2      21    21.6       0       0   11.34    4.86
       2       6    1997       1      22    22.6       0       0   11.34    5.24
       3       6    1997       1      21      20       0       0   11.34    4.84
       4       6    1997       2      22    20.3       0       0   11.33    5.01
       5       6    1997       0      22    20.8       0       0   11.33     5.2
       6       6    1997       2      22    19.6       0       0   11.32    4.96
       7       6    1997       1      23    21.5       0       0   11.32    5.39
       8       6    1997       2      21      22       0       0   11.32    4.86
       9       6    1997       1      23      22       0       0   11.31    5.42
      10       6    1997       3      22    22.2       0       0   11.31    5.02
      11       6    1997       6      20    22.5       0       0   11.31    4.29
      12       6    1997       3      21    20.2       0       0   11.31    4.66
      13       6    1997       5      21    17.5       0       0   11.30    4.31
      14       6    1997       3      22    14.7       0       0   11.30    4.57
      15       6    1997       2      23    16.7       0       0   11.30    5.01
      16       6    1997       2      22      18       0       0   11.30    4.85
      17       6    1997       1      20    20.8       0       0   11.30    4.63
      18       6    1997       3      21    19.4       0       0   11.30    4.61
      19       6    1997       2      18    22.5       0       0   11.30    4.18
      20       6    1997       2      22    22.4       0       0   11.30    5.11
      21       6    1997       4      23    22.3       0       0   11.30    5.17
      22       6    1997       5      22    17.9       0       0   11.30    4.57
      23       6    1997       2      21    18.5       0       0   11.30    4.65
      24       6    1997       4      20    18.9       0       0   11.30    4.25
      25       6    1997       1      22    18.5       0       0   11.30    4.97
      26       6    1997       0      21      19       0       0   11.30    4.84
      27       6    1997       1      20    22.4       0       0   11.30    4.72
      28       6    1997       0      21      22       0       0   11.30    5.01
      29       6    1997       5      20    16.6       0       0   11.30    4.02
      30       6    1997       5      18    19.3       0       0   11.31    3.73
       1       7    1997       2      20    22.5       0       0   11.31    4.65
       2       7    1997       1      22    18.5       0       0   11.31    4.98
       3       7    1997       3      21    22.6       0       0   11.31    4.81
       4       7    1997       2      20    22.2       0       0   11.32    4.64
       5       7    1997       3      19    19.1       0       0   11.32    4.15
       6       7    1997       4      21    16.8       0       0   11.32    4.38
       7       7    1997       3      20    19.4       0       0   11.33     4.4
       8       7    1997       5      20    15.7       0       0   11.33    3.98
       9       7    1997       1      21    17.1       0       0   11.33    4.68
      10       7    1997       1      20    18.1       0       0   11.34    4.51
      11       7    1997       0      20    19.9       0       0   11.34    4.69
      12       7    1997       0      18    22.2       0       0   11.35    4.37
      13       7    1997       3      20      19       0       0   11.35    4.39
      14       7    1997       3      20    21.1       0       0   11.36    4.52
      15       7    1997       3      21      20       0       0   11.36    4.69
      16       7    1997       2      22      20       0       0   11.37    5.02
      17       7    1997       2      21    19.2       0       0   11.37    4.74
      18       7    1997       1      19    18.9       0       0   11.38    4.35
      19       7    1997      -1      21    20.3       0       0   11.38    5.06
      20       7    1997       1      22      18       0       0   11.39       5
      21       7    1997      -4      19      20       0       0   11.40     4.8
      22       7    1997       1      20    21.3       0       0   11.40    4.74
      23       7    1997       1      21    21.2       0       0   11.41    4.97
      24       7    1997       3      19    16.2       0       0   11.42    4.03
      25       7    1997       5      21    20.5       0       0   11.42    4.58
      26       7    1997       2      21    20.5       0       0   11.43    4.86
      27       7    1997      -5      21    21.6       0       0   11.44    5.44
      28       7    1997      -5      21    21.2       0       0   11.44    5.42
      29       7    1997       5      23    19.1       0       0   11.45    4.99
      30       7    1997       2      21    16.5       0       0   11.46    4.63
      31       7    1997     3.2    22.1    19.1       0       0   11.47    4.96
       1       8    1997       2      19    19.7       0       0   11.48    4.37
       2       8    1997      -1      23    23.9       0       0   11.48    5.83
       3       8    1997       1      22    14.9       0       0   11.49    4.87
       4       8    1997       2      21    20.9       0       0   11.50    4.94
       5       8    1997      -2      18    24.7       0       0   11.51    4.77
       6       8    1997      -2      20    23.2       0       0   11.52    5.16
       7       8    1997       6      12    20.6       0       0   11.53    2.55
       8       8    1997      -5      10    17.5       0       0   11.54    2.93
       9       8    1997      -4      12    16.9       0       0   11.55    3.22
      10       8    1997      -5      18    21.6       0       0   11.56    4.83
      11       8    1997       5      18    22.7       0       0   11.56    4.11
      12       8    1997      -3      19    23.2       0       0   11.57    5.03
      13       8    1997       3      20      23       0       0   11.58     4.8
      14       8    1997       2      21    25.6       0       0   11.59    5.31
      15       8    1997      -1      21    25.7       0       0   11.60    5.55
      16       8    1997       0      19    25.8       0       0   11.61       5
      17       8    1997       0      21      25       0       0   11.62    5.44
      18       8    1997      -4      22    23.4       0       0   11.63    5.86
      19       8    1997      -4      28    26.1       0       0   11.64    7.53
      20       8    1997      -5      19    26.2       0       0   11.65    5.39
      21       8    1997      -7      19    24.4       0       0   11.66     5.4
      22       8    1997      -4      21    26.4       0       0   11.67    5.84
      23       8    1997       5      25    23.3       0       0   11.68    5.96
      24       8    1997       4      21    22.6       0       0   11.69    4.99
      25       8    1997       2      22    23.2       0       0   11.70    5.46
      26       8    1997       1      21    23.1       0       0   11.72     5.3
      27       8    1997       1      21    20.2       0       0   11.73     5.1
      28       8    1997       5      22    25.8       0       0   11.74    5.42
      29       8    1997       4      20    15.8       0       0   11.75    4.28
      30       8    1997       4      19    22.9       0       0   11.76    4.56
      31       8    1997       5      20    19.5       0       0   11.77    4.46
       1       9    1997      12      20    22.1       0       0   11.78     3.9
       2       9    1997       1      22    23.1       0       0   11.79    5.59
       3       9    1997       1      23    22.3       0       0   11.80    5.78
       4       9    1997       0      23    24.3       0       0   11.81    6.01
       5       9    1997       1      24    22.5       0       0   11.82    6.06
       6       9    1997       1      16    26.8       0       0   11.84     4.4
       7       9    1997       1      22    18.6       0       0   11.85    5.28
       8       9    1997       1      23      21       0       0   11.86    5.71
       9       9    1997       0      22    24.1     2.9       0   11.87    5.77
      10       9    1997       1      21    18.9     2.8       0   11.88    5.07
      11       9    1997       1      20      14     3.1       0   11.89    4.48
      12       9    1997       3      23      21     0.3       0   11.90    5.56
      13       9    1997       1      23    25.7     2.5       0   11.91    6.09
      14       9    1997       4      24      23     3.3       0   11.93     5.9
      15       9    1997       0      15    21.1       0       0   11.94    3.92
      16       9    1997       9      19    20.9       0       0   11.95    3.97
      17       9    1997       4      20    23.2     9.8       0   11.96    4.91
      18       9    1997       5      20    20.4     1.2       0   11.97     4.6
      19       9    1997       4      23    20.4       0       0   11.98    5.45
      20       9    1997       3      21    24.2       2       0   11.99    5.34
      21       9    1997       1      19    27.8     1.9       0   12.01    5.27
      22       9    1997       2      23    25.2       0       0   12.02    6.02
      23       9    1997       3      21    18.4       1       0   12.03     4.9
      24       9    1997       2      22    21.4       0       0   12.04    5.48
      25       9    1997       4      21    18.6       0       0   12.05    4.83
      26       9    1997       6      16    25.7       0       0   12.06    3.98
      27       9    1997       2     8.5    23.8       0       0   12.07    2.61
      28       9    1997     1.5    10.8    21.4       0       0   12.09    2.96
      29       9    1997     1.9      11    25.4       6       0   12.10    3.22
      30       9    1997       8      19    24.9       1       0   12.11    4.46
       1      10    1997       9      19    17.5       0       0   12.12    3.72
       2      10    1997     7.2    18.1    13.8       2       0   12.13    3.42
       3      10    1997       6      21    30.3       0       0   12.14    5.63
       4      10    1997       3      22    22.1     4.4       0   12.15    5.48
       5      10    1997       3      22    19.7     3.4       0   12.16    5.29
       6      10    1997       5      24    17.6       0       0   12.18    5.42
       7      10    1997       6      23      23       0       0   12.19    5.54
       8      10    1997       9      12    19.1       0       0   12.20    2.31
       9      10    1997       6      19    27.9       0       0   12.21    4.93
      10      10    1997       5      20    24.7       0       0   12.22    5.02
      11      10    1997       7      21    27.4       0       0   12.23    5.31
      12      10    1997       6      22      26       0       0   12.24    5.55
      13      10    1997       8      11      24       0       0   12.25    2.59
      14      10    1997       9      19      26       0       0   12.26    4.49
      15      10    1997      11      21    22.6       0       0   12.27    4.46
      16      10    1997      10      21    15.4     0.7       0   12.28    3.92
      17      10    1997       8      21    19.6     3.7       0   12.30    4.54
      18      10    1997       9      23    21.7     1.3       0   12.31    5.13
      19      10    1997       5      24    25.7       0       0   12.32    6.16
      20      10    1997       9      19    21.6       0       0   12.33    4.11
      21      10    1997       6      20    20.8     5.1       0   12.34    4.62
      22      10    1997       4      19    21.1      22       0   12.35    4.59
      23      10    1997       5      20    26.4       0       0   12.36    5.18
      24      10    1997       4      21    23.6       0       0   12.37     5.3
      25      10    1997       6      20    21.2       0       0   12.38    4.65
      26      10    1997       9      19    29.3       0       0   12.39     4.8
      27      10    1997       4      24    24.9       1       0   12.40     6.2
      28      10    1997       6      22    28.1    16.4       0   12.41    5.77
      29      10    1997       3      23    19.8     0.3       0   12.42    5.59
      30      10    1997       4      15    21.4       0       0   12.43    3.68
      31      10    1997       8      17    21.3    10.8       0   12.44    3.73
       1      11    1997       8      10    19.6       4       0   12.44    2.09
       2      11    1997       7      18    24.5     0.3       0   12.45    4.34
       3      11    1997       9      19    25.6       0       0   12.46    4.48
       4      11    1997       9      19    26.1       0       0   12.47    4.53
       5      11    1997       8      18    28.9       0       0   12.48    4.62
       6      11    1997       8      21    27.8       0       0   12.49     5.3
       7      11    1997       7      17    19.5     0.8       0   12.50    3.69
       8      11    1997       7      12    27.3       0       0   12.51    3.18
       9      11    1997       7      19    27.4       0       0   12.52    4.84
      10      11    1997       7      13    22.6       0       0   12.52    3.04
      11      11    1997       7      13    24.6       0       0   12.53    3.19
      12      11    1997       7      12    25.6     2.9       0   12.54    3.05
      13      11    1997       8      23    21.1     3.9       0   12.55    5.21
      14      11    1997       4      19    16.6     3.6       0   12.55    4.25
      15      11    1997       7      21    23.2     0.1       0   12.56    4.99
      16      11    1997       7      13    24.9     1.7       0   12.57    3.22
      17      11    1997       6      21    31.9       0       0   12.58    5.85
      18      11    1997       5      20    31.5       0       0   12.58    5.63
      19      11    1997       7      19    18.3     1.6       0   12.59    4.07
      20      11    1997       8      20    30.3     6.9       0   12.60    5.27
      21      11    1997       8      21    24.8       0       0   12.60    5.04
      22      11    1997       8      12    24.7     3.7       0   12.61    2.89
      23      11    1997       7      16    24.6       0       0   12.62    3.88
      24      11    1997       6      18    23.1     4.7       0   12.62    4.34
      25      11    1997       8      18      23       2       0   12.63    4.12
      26      11    1997       3      24    23.2     1.8       0   12.63    6.16
      27      11    1997       5      17    19.9       0       0   12.64    3.94
      28      11    1997       6      16      29       0       0   12.64    4.33
      29      11    1997       5      18    19.2     1.3       0   12.65    4.12
      30      11    1997       6      24    19.8     4.8       0   12.65    5.57
       1      12    1997       4      13    24.3    10.3       0   12.66    3.46
       2      12    1997       4      19    17.6      25       0   12.66    4.34
       3      12    1997       4      21    20.7       0       0   12.67    5.08
       4      12    1997       5      17    23.9       0       0   12.67    4.26
       5      12    1997       5      21    29.5     9.1       0   12.67    5.74
       6      12    1997       6      14    25.2     0.4       0   12.68    3.57
       7      12    1997       6      15    25.5       0       0   12.68    3.82
       8      12    1997       5      15      21       0       0   12.68    3.57
       9      12    1997       6      16    26.3       0       0   12.69    4.12
      10      12    1997       8      15    19.6     8.1       0   12.69    3.14
      11      12    1997       5      17    26.2     0.6       0   12.69    4.44
      12      12    1997       8      17    26.7       0       0   12.69     4.2
      13      12    1997       5      17    26.7       0       0   12.70    4.48
      14      12    1997       6      13    29.9       0       0   12.70     3.7
      15      12    1997       8      21    28.2     0.9       0   12.70    5.35
      16      12    1997       5      20    22.8       0       0   12.70    4.91
      17      12    1997       8      21    23.6       0       0   12.70    4.93
      18      12    1997       9      17    21.2    15.9       0   12.70    3.62
      19      12    1997       7      19    26.2       0       0   12.70    4.75
      20      12    1997       8      13    24.1       0       0   12.70    3.06
      21      12    1997       9      12    20.3     3.2       0   12.70    2.44
      22      12    1997       6      13    22.1       0       0   12.70    3.11
      23      12    1997       8      18    27.7       0       0   12.70    4.53
      24      12    1997       8      18    21.3       0       0   12.70    3.98
      25      12    1997       8      18    24.4       0       0   12.70    4.25
      26      12    1997       9      17    23.9       0       0   12.70    3.86
      27      12    1997      11      17    19.9       0       0   12.70    3.27
      28      12    1997      11      17    19.6       0       0   12.70    3.24
      29      12    1997      10      18    25.8       0       0   12.70    4.16
      30      12    1997       6      22    26.3    17.9       0   12.69    5.64
      31      12    1997       6      19    21.6       0       0   12.69    4.47
